-8.00	8.00	2001
-0.6785316060
-0.6784888080
-0.6784336364
-0.6783806370
-0.6783269750
-0.6782718591
-0.6782173526
-0.6781638500
-0.6781094765
-0.6780546625
-0.6780020429
-0.6779466125
-0.6778925167
-0.6778400429
-0.6777855667
-0.6777310538
-0.6776748917
-0.6776215727
-0.6775663000
-0.6775120800
-0.6774563333
-0.6773990900
-0.6773457400
-0.6772911600
-0.6772353400
-0.6771782000
-0.6771257750
-0.6770723100
-0.6770178125
-0.6769622900
-0.6769057500
-0.6768511667
-0.6767931444
-0.6767366750
-0.6766829000
-0.6766283500
-0.6765729250
-0.6765166875
-0.6764596750
-0.6764018000
-0.6763464286
-0.6762952000
-0.6762384000
-0.6761774375
-0.6761234167
-0.6760687250
-0.6760134500
-0.6759574750
-0.6759009000
-0.6758436250
-0.6757857667
-0.6757310000
-0.6756727429
-0.6756168167
-0.6755650833
-0.6755041250
-0.6754425500
-0.6753892000
-0.6753354333
-0.6752811167
-0.6752212714
-0.6751618000
-0.6751017857
-0.6750402500
-0.6749833667
-0.6749259833
-0.6748681000
-0.6748097667
-0.6747551600
-0.6747071600
-0.6746517333
-0.6745915833
-0.6745309167
-0.6744697167
-0.6744080833
-0.6743503600
-0.6742997200
-0.6742411833
-0.6741776667
-0.6741243500
-0.6740707167
-0.6740058500
-0.6739452000
-0.6738919400
-0.6738304333
-0.6737684600
-0.6737141400
-0.6736513833
-0.6735946500
-0.6735375667
-0.6734801500
-0.6734223667
-0.6733575400
-0.6733006800
-0.6732400800
-0.6731825000
-0.6731212000
-0.6730629000
-0.6730077500
-0.6729470167
-0.6728859500
-0.6728245167
-0.6727627500
-0.6727059000
-0.6726452000
-0.6725877000
-0.6725245000
-0.6724609500
-0.6724098000
-0.6723455333
-0.6722809000
-0.6722289000
-0.6721635833
-0.6720978750
-0.6720450750
-0.6719844000
-0.6719196200
-0.6718582500
-0.6718043250
-0.6717424200
-0.6716762800
-0.6716136750
-0.6715586500
-0.6715033500
-0.6714338667
-0.6713640000
-0.6713079000
-0.6712514750
-0.6711948500
-0.6711297800
-0.6710602800
-0.6709945500
-0.6709368000
-0.6708787250
-0.6708204000
-0.6707618750
-0.6707030500
-0.6706355400
-0.6705634000
-0.6704952000
-0.6704352500
-0.6703750250
-0.6703145250
-0.6702537750
-0.6701927750
-0.6701315000
-0.6700699750
-0.6700082000
-0.6699461250
-0.6698838000
-0.6698212250
-0.6697583750
-0.6696952500
-0.6696318500
-0.6695682000
-0.6695043250
-0.6694401000
-0.6693756500
-0.6693109500
-0.6692459750
-0.6691806750
-0.6691151750
-0.6690493250
-0.6689832750
-0.6689169000
-0.6688502500
-0.6687833500
-0.6687226000
-0.6686655750
-0.6686084667
-0.6685470250
-0.6684788750
-0.6684104500
-0.6683417250
-0.6682727250
-0.6682034500
-0.6681339000
-0.6680815500
-0.6680290000
-0.6679587750
-0.6678882250
-0.6678173750
-0.6677462500
-0.6676816667
-0.6676321667
-0.6675672000
-0.6674950500
-0.6674226000
-0.6673499250
-0.6672838667
-0.6672333000
-0.6671668500
-0.6670931000
-0.6670190500
-0.6669518333
-0.6669004000
-0.6668327000
-0.6667576000
-0.6666822500
-0.6666255000
-0.6665686250
-0.6664925000
-0.6664160750
-0.6663466667
-0.6662935333
-0.6662237000
-0.6661461750
-0.6660879000
-0.6660293500
-0.6659511000
-0.6658725500
-0.6658134000
-0.6657541250
-0.6656748250
-0.6656027667
-0.6655476000
-0.6654750750
-0.6653946750
-0.6653341000
-0.6652734000
-0.6651921750
-0.6651311000
-0.6650697500
-0.6649877250
-0.6649132667
-0.6648562333
-0.6647812750
-0.6647060667
-0.6646485000
-0.6645728000
-0.6644968667
-0.6644387333
-0.6643623000
-0.6642856000
-0.6642269000
-0.6641497250
-0.6640855500
-0.6640212000
-0.6639350750
-0.6638703000
-0.6638053000
-0.6637184000
-0.6636530000
-0.6635873500
-0.6635079333
-0.6634471333
-0.6633672250
-0.6633008500
-0.6632341500
-0.6631535000
-0.6630917667
-0.6630106500
-0.6629432000
-0.6628754750
-0.6627936000
-0.6627309000
-0.6626484500
-0.6625799500
-0.6625112500
-0.6624280333
-0.6623644000
-0.6622807250
-0.6622111500
-0.6621413500
-0.6620713500
-0.6620011250
-0.6619161667
-0.6618512000
-0.6617657000
-0.6616946000
-0.6616233000
-0.6615518000
-0.6614801250
-0.6614082000
-0.6613361000
-0.6612638500
-0.6611912500
-0.6611035000
-0.6610363000
-0.6609573333
-0.6608897000
-0.6608009000
-0.6607270000
-0.6606529500
-0.6605786500
-0.6605041000
-0.6604294000
-0.6603544500
-0.6602793500
-0.6602039250
-0.6601283000
-0.6600525000
-0.6599764500
-0.6599002500
-0.6598237500
-0.6597470500
-0.6596701500
-0.6595929750
-0.6595156500
-0.6594380250
-0.6593602500
-0.6592822000
-0.6592039500
-0.6591254500
-0.6590467500
-0.6589677750
-0.6588886000
-0.6588193000
-0.6587460000
-0.6586598333
-0.6585861333
-0.6585160500
-0.6584355500
-0.6583548500
-0.6582738750
-0.6581927000
-0.6581112500
-0.6580296000
-0.6579476500
-0.6578655500
-0.6577936000
-0.6577175667
-0.6576453000
-0.6575622250
-0.6574790000
-0.6573954750
-0.6573117000
-0.6572277000
-0.6571434500
-0.6570871500
-0.6570024500
-0.6569175500
-0.6568324000
-0.6567470000
-0.6566613000
-0.6565754500
-0.6565180000
-0.6564316500
-0.6563451000
-0.6562582500
-0.6561711500
-0.6560948667
-0.6560142667
-0.6559376000
-0.6558495500
-0.6557613000
-0.6556839333
-0.6556022000
-0.6555245000
-0.6554352500
-0.6553457000
-0.6552673000
-0.6551844333
-0.6551056500
-0.6550151250
-0.6549243500
-0.6548637000
-0.6547725000
-0.6546809500
-0.6545891500
-0.6544971000
-0.6544356000
-0.6543430750
-0.6542503000
-0.6541690667
-0.6540832000
-0.6540015500
-0.6539077000
-0.6538136000
-0.6537507000
-0.6536561500
-0.6535613500
-0.6534979500
-0.6534026000
-0.6533070000
-0.6532232667
-0.6531347667
-0.6530506500
-0.6529539250
-0.6528570500
-0.6527922000
-0.6526947250
-0.6525970000
-0.6525316500
-0.6524334000
-0.6523349000
-0.6522689500
-0.6521699250
-0.6520705500
-0.6520042000
-0.6519042750
-0.6518041500
-0.6517372000
-0.6516365000
-0.6515355000
-0.6514680500
-0.6513665500
-0.6512647000
-0.6511966500
-0.6510943250
-0.6509917000
-0.6509230500
-0.6508198000
-0.6507163500
-0.6506471500
-0.6505431250
-0.6504387500
-0.6503690000
-0.6502640750
-0.6501588500
-0.6500885500
-0.6499827250
-0.6498766500
-0.6498057500
-0.6497125667
-0.6496141333
-0.6495205000
-0.6494488500
-0.6493410500
-0.6492329000
-0.6491606500
-0.6490519250
-0.6489429000
-0.6488700000
-0.6487743000
-0.6486731333
-0.6485769500
-0.6485032500
-0.6483924750
-0.6482813000
-0.6482071000
-0.6480953250
-0.6479832500
-0.6479083500
-0.6478099667
-0.6477059333
-0.6476070500
-0.6475312500
-0.6474173750
-0.6473031000
-0.6472267500
-0.6471501500
-0.6470350500
-0.6469195000
-0.6468423000
-0.6467409333
-0.6466337333
-0.6465318000
-0.6464537000
-0.6463363250
-0.6462185500
-0.6461398000
-0.6460608500
-0.6459421750
-0.6458231000
-0.6457435000
-0.6456390000
-0.6455284333
-0.6454233500
-0.6453428000
-0.6452371667
-0.6451253667
-0.6450191000
-0.6449377000
-0.6448152750
-0.6446924500
-0.6446103000
-0.6445280000
-0.6444042250
-0.6442800500
-0.6441970000
-0.6441137500
-0.6439886000
-0.6438630000
-0.6437790500
-0.6436948500
-0.6435682500
-0.6434412000
-0.6433562500
-0.6432711000
-0.6431430500
-0.6430145500
-0.6429287000
-0.6428425500
-0.6427294667
-0.6426098667
-0.6424961500
-0.6424090500
-0.6422946667
-0.6421736667
-0.6420586500
-0.6419705000
-0.6418822500
-0.6417493000
-0.6416160000
-0.6415268500
-0.6414375000
-0.6413201667
-0.6411960000
-0.6410779500
-0.6409876000
-0.6408688000
-0.6407432333
-0.6406238000
-0.6405323500
-0.6404406000
-0.6403201667
-0.6401927333
-0.6400716000
-0.6399788000
-0.6398858000
-0.6397457500
-0.6396053500
-0.6395114000
-0.6394172500
-0.6392936333
-0.6391627667
-0.6390383500
-0.6389430500
-0.6388475500
-0.6387037500
-0.6385595000
-0.6384630500
-0.6383663500
-0.6382694000
-0.6381235000
-0.6379771000
-0.6378792000
-0.6377810500
-0.6376826500
-0.6375345500
-0.6373860000
-0.6372866500
-0.6371869500
-0.6370871000
-0.6369367500
-0.6367859000
-0.6366850500
-0.6365839000
-0.6364824500
-0.6363298500
-0.6361767000
-0.6360742500
-0.6359715500
-0.6358686000
-0.6357136250
-0.6355581500
-0.6354541000
-0.6353498000
-0.6352452000
-0.6351078333
-0.6349625000
-0.6348242000
-0.6347183000
-0.6346121000
-0.6345055500
-0.6343452500
-0.6341844000
-0.6340767500
-0.6339688500
-0.6338607000
-0.6337185667
-0.6335681333
-0.6334250500
-0.6333154000
-0.6332054000
-0.6330952000
-0.6329292750
-0.6327627000
-0.6326513000
-0.6325396000
-0.6324275500
-0.6322804000
-0.6321245667
-0.6319763500
-0.6318628000
-0.6317489000
-0.6316347000
-0.6314846667
-0.6313258333
-0.6311747500
-0.6310589500
-0.6309428500
-0.6308264000
-0.6306733667
-0.6305114333
-0.6303573500
-0.6302393000
-0.6301208000
-0.6300021000
-0.6298460000
-0.6296808667
-0.6295237000
-0.6294031500
-0.6292824000
-0.6291612000
-0.6290020333
-0.6288334667
-0.6286731000
-0.6285501500
-0.6284268500
-0.6283032000
-0.6281792000
-0.6279924250
-0.6278050000
-0.6276795000
-0.6275536500
-0.6274274000
-0.6273008000
-0.6271344333
-0.6269582667
-0.6267906000
-0.6266620500
-0.6265331500
-0.6264039000
-0.6262742000
-0.6260789250
-0.6258828000
-0.6257515000
-0.6256198000
-0.6254877000
-0.6253552000
-0.6251811000
-0.6249966333
-0.6248211500
-0.6246865500
-0.6245515500
-0.6244161500
-0.6242802500
-0.6241017000
-0.6239125667
-0.6237326000
-0.6235945500
-0.6234561500
-0.6233172000
-0.6231778000
-0.6230380500
-0.6228274250
-0.6226159500
-0.6224743000
-0.6223322000
-0.6221896500
-0.6220466000
-0.6219031000
-0.6217144667
-0.6215146333
-0.6213244000
-0.6211785000
-0.6210321000
-0.6208852000
-0.6207378500
-0.6205441000
-0.6203388000
-0.6201433500
-0.6199934500
-0.6198430500
-0.6196921000
-0.6195406500
-0.6193887000
-0.6191889000
-0.6189771667
-0.6187755500
-0.6186208500
-0.6184657000
-0.6183100000
-0.6181536500
-0.6179968000
-0.6177905667
-0.6175720000
-0.6173638500
-0.6172042000
-0.6170439500
-0.6168831000
-0.6167217000
-0.6165597500
-0.6163466000
-0.6161207667
-0.6159057500
-0.6157407000
-0.6155751000
-0.6154088500
-0.6152420000
-0.6150744500
-0.6148541000
-0.6146205667
-0.6143981000
-0.6142274000
-0.6140560500
-0.6138840500
-0.6137114000
-0.6135380500
-0.6133640500
-0.6131351000
-0.6128923333
-0.6126611000
-0.6124836500
-0.6123054500
-0.6121266000
-0.6119470000
-0.6117667500
-0.6115857000
-0.6113474333
-0.6110949000
-0.6108541500
-0.6106694000
-0.6104839500
-0.6102977000
-0.6101106500
-0.6099228000
-0.6097342000
-0.6094860000
-0.6092227333
-0.6089718500
-0.6087792500
-0.6085858000
-0.6083915000
-0.6081964000
-0.6080005000
-0.6078036500
-0.6075446000
-0.6072698667
-0.6070079000
-0.6068067500
-0.6066047000
-0.6064017500
-0.6061979000
-0.6059931500
-0.6057875000
-0.6055809000
-0.6053088333
-0.6050202000
-0.6047449500
-0.6045336000
-0.6043211500
-0.6041078000
-0.6038934500
-0.6036781000
-0.6034616500
-0.6031766667
-0.6029161000
-0.6026540000
-0.6023641500
-0.6021415000
-0.6019177000
-0.6016928000
-0.6014669000
-0.6012397500
-0.6010115500
-0.6007822000
-0.6004801000
-0.6001593000
-0.5998532500
-0.5996180500
-0.5993816500
-0.5991440000
-0.5989052000
-0.5986651000
-0.5984238000
-0.5981812000
-0.5978614667
-0.5975689500
-0.5972745333
-0.5969487500
-0.5966982500
-0.5964464500
-0.5961932500
-0.5959386500
-0.5956826500
-0.5954252500
-0.5951663500
-0.5948251667
-0.5944625667
-0.5941164000
-0.5938501000
-0.5935823500
-0.5933131000
-0.5930421500
-0.5927697500
-0.5924956500
-0.5922199500
-0.5919426000
-0.5915768333
-0.5912419000
-0.5909045667
-0.5905308000
-0.5902433000
-0.5899540000
-0.5896629000
-0.5893700000
-0.5890752000
-0.5887786000
-0.5884800500
-0.5881796500
-0.5877831667
-0.5873614667
-0.5869584000
-0.5866480500
-0.5863357000
-0.5860211500
-0.5857046500
-0.5853859000
-0.5850650000
-0.5847419000
-0.5844166500
-0.5840890000
-0.5836565000
-0.5832599000
-0.5828599000
-0.5824163500
-0.5820746000
-0.5817304000
-0.5813836000
-0.5810343000
-0.5806824500
-0.5803279500
-0.5799707500
-0.5796109000
-0.5792482500
-0.5787689667
-0.5782583667
-0.5777695500
-0.5773925500
-0.5770126000
-0.5766296000
-0.5762434500
-0.5758542500
-0.5754618000
-0.5750660500
-0.5746670500
-0.5742647000
-0.5737324333
-0.5732435500
-0.5727496000
-0.5722008500
-0.5717771500
-0.5713497500
-0.5709185000
-0.5704833500
-0.5700442500
-0.5696011500
-0.5691539500
-0.5687024500
-0.5682467500
-0.5677868000
-0.5671773000
-0.5665265000
-0.5659017500
-0.5654188000
-0.5649310000
-0.5644383000
-0.5639404500
-0.5634375500
-0.5629294000
-0.5624159000
-0.5618969000
-0.5613723000
-0.5608420000
-0.5601383667
-0.5594901500
-0.5588332333
-0.5581011000
-0.5575340500
-0.5569603500
-0.5563799500
-0.5557926000
-0.5551981000
-0.5545964500
-0.5539874000
-0.5533706500
-0.5527462000
-0.5521138000
-0.5512725333
-0.5504959000
-0.5497068333
-0.5488252000
-0.5481407000
-0.5474466500
-0.5467428000
-0.5460291000
-0.5453049500
-0.5445703000
-0.5438248000
-0.5430681000
-0.5422999000
-0.5415199500
-0.5407278000
-0.5396701333
-0.5386905000
-0.5376915000
-0.5365711000
-0.5356977500
-0.5348092500
-0.5339052500
-0.5329851000
-0.5320484000
-0.5310944000
-0.5301227000
-0.5291326000
-0.5281234000
-0.5270945000
-0.5260450500
-0.5246363333
-0.5233247000
-0.5219797333
-0.5204625500
-0.5192727500
-0.5180561500
-0.5168117000
-0.5155381500
-0.5142343000
-0.5128989500
-0.5115305000
-0.5101275500
-0.5086886000
-0.5072119000
-0.5056957000
-0.5036426667
-0.5017155000
-0.4997217667
-0.4974517000
-0.4956543500
-0.4938014500
-0.4918899500
-0.4899168500
-0.4878788000
-0.4857721000
-0.4835931500
-0.4813377500
-0.4790016500
-0.4765803500
-0.4740689000
-0.4714622500
-0.4678833667
-0.4644821000
-0.4609168000
-0.4568016500
-0.4535008000
-0.4500617500
-0.4464777500
-0.4427420500
-0.4388482500
-0.4347900500
-0.4305618000
-0.4261584500
-0.4215758000
-0.4168106000
-0.4118610500
-0.4067265000
-0.3996987000
-0.3919994333
-0.3843824500
-0.3783695500
-0.3722006500
-0.3658852500
-0.3594334500
-0.3528558500
-0.3461633000
-0.3393666000
-0.3324761000
-0.3236833143
-0.3173169100
-0.3097829455
-0.3021376556
-0.2949027889
-0.2880964750
-0.2787093000
-0.2699722667
-0.2602867500
-0.2528770000
-0.2454493000
-0.2380063000
-0.2305502000
-0.2230829500
-0.2156061000
-0.2081211000
-0.2006292000
-0.1931313500
-0.1856284500
-0.1781212000
-0.1706103000
-0.1607519667
-0.1518201500
-0.1428853667
-0.1330170500
-0.1254930000
-0.1179677500
-0.1104415000
-0.1029143000
-0.0953863850
-0.0878578100
-0.0803286850
-0.0727990850
-0.0652690850
-0.0577387600
-0.0502081450
-0.0426773000
-0.0327972767
-0.0238494300
-0.0149014533
-0.0050209670
0.0002425358
0.0087866890
0.0163181000
0.0238494450
0.0313806850
0.0389118000
0.0464427450
0.0559038867
0.0652690700
0.0727990700
0.0803286650
0.0878577850
0.0953863600
0.1029143000
0.1104414500
0.1198014000
0.1292552000
0.1367785000
0.1443003500
0.1518203000
0.1593381500
0.1668536000
0.1743661000
0.1818752500
0.1913030667
0.2006289500
0.2081208500
0.2156058000
0.2230825500
0.2305498000
0.2380058000
0.2472597667
0.2565838500
0.2639835500
0.2713606500
0.2787116000
0.2866032667
0.2949598000
0.3014953700
0.3087606200
0.3169423308
0.3238063500
0.3324731000
0.3393632000
0.3461595500
0.3528517000
0.3594289000
0.3674286667
0.3753004000
0.3813922000
0.3873238000
0.3930872500
0.3986762000
0.4040857500
0.4093124000
0.4143544500
0.4204117333
0.4261522500
0.4305557500
0.4347842500
0.4388426000
0.4427367000
0.4464726000
0.4509062667
0.4551647000
0.4583991000
0.4615053000
0.4644898000
0.4673590000
0.4701188500
0.4727753500
0.4753339000
0.4784083000
0.4813351500
0.4835906000
0.4857697500
0.4878765500
0.4899147500
0.4918880000
0.4942573000
0.4965584500
0.4983291500
0.5000483500
0.5017185000
0.5033420500
0.5049211000
0.5064578500
0.5083260667
0.5101264000
0.5115293500
0.5128978500
0.5142333000
0.5155371500
0.5168107500
0.5183556333
0.5198702500
0.5210471500
0.5221988000
0.5233262000
0.5244303000
0.5255118500
0.5265718000
0.5278706000
0.5291320000
0.5301221500
0.5310938500
0.5320478500
0.5329845500
0.5339047000
0.5350280000
0.5361359000
0.5370019500
0.5378536500
0.5386913500
0.5395155500
0.5403267000
0.5411251000
0.5421081667
0.5430677500
0.5438244500
0.5445699500
0.5453046500
0.5460287000
0.5467424500
0.5476175000
0.5484838500
0.5491637500
0.5498345500
0.5504964000
0.5511496000
0.5517943500
0.5524308000
0.5532170667
0.5539871000
0.5545962000
0.5551979000
0.5557923000
0.5563797000
0.5571016000
0.5578182500
0.5583820000
0.5589394000
0.5594906000
0.5600355500
0.5605746500
0.5611077500
0.5617678333
0.5624157000
0.5629292500
0.5634374000
0.5639403000
0.5644381000
0.5650511000
0.5656607500
0.5661413000
0.5666171000
0.5670883000
0.5675550500
0.5680172500
0.5685903667
0.5691537500
0.5696010000
0.5700442000
0.5704832500
0.5709184000
0.5714549667
0.5719893000
0.5724111500
0.5728292500
0.5732437000
0.5736547000
0.5740622000
0.5745681000
0.5750659500
0.5754616500
0.5758540500
0.5762433500
0.5766295000
0.5771061667
0.5775813000
0.5779568000
0.5783293500
0.5786990000
0.5790658000
0.5794298500
0.5798821667
0.5803278500
0.5806823500
0.5810342500
0.5813835000
0.5817303000
0.5821587333
0.5825862500
0.5829243500
0.5832600000
0.5835934000
0.5839243500
0.5842530500
0.5846618667
0.5850649500
0.5853858500
0.5857045500
0.5860211000
0.5864126000
0.5868034000
0.5871127500
0.5874200500
0.5877253000
0.5880286000
0.5884061333
0.5887785000
0.5890751500
0.5893699000
0.5896628500
0.5899539500
0.5903141000
0.5906739000
0.5909588500
0.5912420500
0.5915235500
0.5918033000
0.5921517000
0.5924955500
0.5927696500
0.5930421500
0.5933129500
0.5936483000
0.5939834000
0.5942489000
0.5945128500
0.5947754000
0.5950364000
0.5953615333
0.5956826000
0.5959386500
0.5961932000
0.5964464000
0.5967599333
0.5970734500
0.5973219000
0.5975690000
0.5978148500
0.5980593500
0.5983640667
0.5986650500
0.5989052000
0.5991440000
0.5993816000
0.5996759333
0.5999704000
0.6002038000
0.6004360500
0.6006671000
0.6008970000
0.6011836333
0.6014668500
0.6016927500
0.6019176500
0.6021963000
0.6024750500
0.6026961500
0.6029161500
0.6031352000
0.6033530500
0.6036248333
0.6038934500
0.6041077500
0.6043211500
0.6045856000
0.6048502000
0.6050602000
0.6052691500
0.6054772000
0.6056843000
0.6059425000
0.6061979000
0.6064017500
0.6066046500
0.6068562333
0.6071081500
0.6073079000
0.6075068500
0.6077049500
0.6079520667
0.6081963500
0.6083915000
0.6085857500
0.6088266333
0.6090678500
0.6092592500
0.6094498000
0.6096396000
0.6098763667
0.6101106000
0.6102976000
0.6104839000
0.6107149000
0.6109462500
0.6111299000
0.6113127500
0.6114948500
0.6117221667
0.6119470500
0.6121265500
0.6123054500
0.6125273333
0.6127495500
0.6129260000
0.6131017000
0.6132767500
0.6134952000
0.6137113500
0.6138840500
0.6140560500
0.6142694333
0.6144832000
0.6146529000
0.6148220500
0.6149904500
0.6152007000
0.6154088000
0.6155750500
0.6157813000
0.6159879500
0.6161520500
0.6163155500
0.6164784500
0.6166818000
0.6168831000
0.6170439500
0.6172041500
0.6174030000
0.6176023000
0.6177605500
0.6179181500
0.6181150667
0.6183099000
0.6184656500
0.6186589333
0.6188526500
0.6190065000
0.6191597500
0.6193125500
0.6195032667
0.6196921500
0.6198430000
0.6200303667
0.6202181000
0.6203672000
0.6205158500
0.6207014333
0.6208852000
0.6210320500
0.6211784500
0.6213601667
0.6215423000
0.6216869500
0.6218311500
0.6220113333
0.6221896500
0.6223322000
0.6225091667
0.6226865500
0.6228274500
0.6229679500
0.6231434667
0.6233172000
0.6234561000
0.6236285333
0.6238014000
0.6239388000
0.6240757000
0.6242467667
0.6244161000
0.6245515500
0.6247197000
0.6248882000
0.6250222000
0.6251557000
0.6253225000
0.6254877000
0.6256198000
0.6257838333
0.6259482500
0.6260789000
0.6262092000
0.6263719333
0.6265331500
0.6266621000
0.6268221000
0.6269826500
0.6271102000
0.6272696000
0.6274274000
0.6275536500
0.6277104000
0.6278675500
0.6279925500
0.6281170500
0.6282727000
0.6284268500
0.6285501500
0.6287032000
0.6288567500
0.6289788500
0.6291313000
0.6292823500
0.6294032000
0.6295532333
0.6297037000
0.6298233000
0.6299728000
0.6301208500
0.6302392500
0.6303863333
0.6305338500
0.6306511000
0.6307976667
0.6309428000
0.6310589500
0.6312031667
0.6313478500
0.6314628500
0.6316065333
0.6317489000
0.6318627500
0.6320042667
0.6321461500
0.6322589500
0.6323999333
0.6325395500
0.6326513000
0.6327900667
0.6329293000
0.6330400500
0.6331783333
0.6333154000
0.6334519667
0.6335889500
0.6336978500
0.6338339667
0.6339688500
0.6340768000
0.6342108333
0.6343453000
0.6344522500
0.6345858667
0.6347182500
0.6348502000
0.6349826000
0.6350878500
0.6352194000
0.6353498000
0.6354797000
0.6356100500
0.6357136500
0.6358432000
0.6359716000
0.6360742500
0.6362018667
0.6363299000
0.6364574667
0.6365839000
0.6366850500
0.6368107333
0.6369368000
0.6370624667
0.6371869500
0.6372866500
0.6374104000
0.6375346000
0.6376583667
0.6377810500
0.6378792000
0.6380011333
0.6381235500
0.6382455000
0.6383663500
0.6384867667
0.6386076500
0.6387038000
0.6388239667
0.6389430500
0.6390617667
0.6391808500
0.6392755500
0.6393940333
0.6395114000
0.6396283667
0.6397458000
0.6398628000
0.6399787500
0.6400715500
0.6401868667
0.6403026500
0.6404180000
0.6405323000
0.6406462333
0.6407606000
0.6408746000
0.6409875500
0.6411001667
0.6412131500
0.6413031000
0.6414154667
0.6415268500
0.6416379000
0.6417493500
0.6418604333
0.6419705000
0.6420803000
0.6421904000
0.6422780500
0.6423876000
0.6425175667
0.6426264500
0.6427130000
0.6428213333
0.6429286500
0.6430356667
0.6431430500
0.6432501000
0.6433562500
0.6434620667
0.6435682500
0.6436741000
0.6437790000
0.6438836333
0.6439886000
0.6440932667
0.6441969500
0.6443004333
0.6444043000
0.6445077667
0.6446103500
0.6447126333
0.6448153000
0.6449176333
0.6450191000
0.6451202333
0.6452217500
0.6453229667
0.6454431000
0.6455437000
0.6456237500
0.6457238667
0.6458426667
0.6459422000
0.6460414333
0.6461398000
0.6462379000
0.6463363500
0.6464345000
0.6465318000
0.6466288000
0.6467262000
0.6468233000
0.6469384667
0.6470350500
0.6471312667
0.6472267000
0.6473218667
0.6474173500
0.6475125667
0.6476256000
0.6477203000
0.6478147333
0.6479083000
0.6480016000
0.6480953000
0.6481887333
0.6482996000
0.6483925000
0.6484851333
0.6485769500
0.6486685000
0.6487604000
0.6488520333
0.6489608667
0.6490519500
0.6491428333
0.6492506667
0.6493410500
0.6494311333
0.6495205000
0.6496096000
0.6497171000
0.6498057000
0.6498940667
0.6499827500
0.6500712000
0.6501761333
0.6502641000
0.6503518000
0.6504559000
0.6505431500
0.6506301000
0.6507333000
0.6508198500
0.6509061333
0.6510085000
0.6510943000
0.6511799000
0.6512814333
0.6513665500
0.6514513667
0.6515521333
0.6516365000
0.6517206667
0.6518206000
0.6519043000
0.6519878333
0.6520868667
0.6521699000
0.6522527000
0.6523510000
0.6524334000
0.6525155000
0.6526130333
0.6526947000
0.6527761667
0.6528728667
0.6529703667
0.6530506500
0.6531307000
0.6532274000
0.6533070000
0.6533864667
0.6534823333
0.6535768667
0.6536562000
0.6537352333
0.6538290667
0.6539236000
0.6540015500
0.6540792333
0.6541730000
0.6542655333
0.6543431000
0.6544204333
0.6545122333
0.6546047333
0.6546809000
0.6547569333
0.6548487333
0.6549392333
0.6550151000
0.6550908000
0.6551806333
0.6552711333
0.6553604333
0.6554352500
0.6555098333
0.6555984667
0.6556877000
0.6557757667
0.6558496000
0.6559232000
0.6560105333
0.6560986000
0.6561854333
0.6562583000
0.6563308333
0.6564170333
0.6565038667
0.6565895667
0.6566758667
0.6567610333
0.6568324000
0.6569036000
0.6569881000
0.6570732667
0.6571573000
0.6572419000
0.6573254667
0.6573955000
0.6574652667
0.6575481667
0.6576317000
0.6577141000
0.6577970667
0.6578790333
0.6579615667
0.6580430000
0.6581112500
0.6581793333
0.6582601667
0.6583415333
0.6584219000
0.6585028667
0.6585827333
0.6586632333
0.6587426333
0.6588226000
0.6589016333
0.6589811333
0.6590596333
0.6591387333
0.6592167667
0.6592954333
0.6593730000
0.6594512000
0.6595283333
0.6595930500
0.6596701250
0.6597471000
0.6598237250
0.6599002000
0.6599764750
0.6600525500
0.6601282750
0.6602167333
0.6602916333
0.6603672000
0.6604417000
0.6605167667
0.6605909000
0.6606655000
0.6607391667
0.6608134000
0.6608866000
0.6609604333
0.6610332333
0.6611066000
0.6611789333
0.6612519333
0.6613239000
0.6614082500
0.6614801000
0.6615518500
0.6616354333
0.6617062667
0.6617777333
0.6618481667
0.6619192000
0.6619892333
0.6620713250
0.6621531333
0.6622225667
0.6622925000
0.6623614667
0.6624310333
0.6624995667
0.6625799500
0.6626600667
0.6627280000
0.6627964667
0.6628640000
0.6629431750
0.6630220333
0.6630889667
0.6631563667
0.6632229000
0.6633007750
0.6633784667
0.6634443333
0.6635107000
0.6635762333
0.6636529500
0.6637294333
0.6637943000
0.6638703250
0.6639460667
0.6640103000
0.6640750333
0.6641497250
0.6642242000
0.6642883000
0.6643623000
0.6644360333
0.6644995333
0.6645728000
0.6646458333
0.6647087000
0.6647812750
0.6648536333
0.6649158667
0.6649877250
0.6650593333
0.6651310750
0.6652025333
0.6652631333
0.6653341250
0.6654049333
0.6654649000
0.6655351750
0.6656053000
0.6656748000
0.6657441000
0.6658134500
0.6658825667
0.6659511500
0.6660194667
0.6660878750
0.6661561000
0.6662236750
0.6662910667
0.6663585500
0.6664258333
0.6664924750
0.6665589667
0.6666255250
0.6666918000
0.6667576000
0.6668231333
0.6668888000
0.6669633500
0.6670284667
0.6670931000
0.6671575000
0.6672219500
0.6672952000
0.6673591667
0.6674225750
0.6674950250
0.6675580333
0.6676210750
0.6676927250
0.6677553000
0.6678173500
0.6678882000
0.6679498000
0.6680115000
0.6680815250
0.6681513000
0.6682122667
0.6682727500
0.6683417000
0.6684104250
0.6684702000
0.6685300000
0.6685979500
0.6686656250
0.6687330000
0.6688001250
0.6688669250
0.6689253333
0.6689832500
0.6690493500
0.6691151500
0.6691807000
0.6692459500
0.6693109750
0.6693756500
0.6694401250
0.6695043000
0.6695682000
0.6696318250
0.6696952250
0.6697583750
0.6698212250
0.6698838000
0.6699461000
0.6700082000
0.6700699750
0.6701315000
0.6701927750
0.6702537500
0.6703145250
0.6703824600
0.6704502500
0.6705101500
0.6705698000
0.6706292000
0.6706883250
0.6707546000
0.6708204500
0.6708787250
0.6709367750
0.6710016800
0.6710664750
0.6711236500
0.6711878200
0.6712515250
0.6713079000
0.6713709800
0.6714339000
0.6714964600
0.6715586500
0.6716204400
0.6716821500
0.6717366000
0.6717976400
0.6718649200
0.6719253000
0.6719854000
0.6720451000
0.6721044400
0.6721636000
0.6722224600
0.6722872800
0.6723455250
0.6724034200
0.6724672000
0.6725245250
0.6725814600
0.6726442200
0.6727068400
0.6727689000
0.6728245250
0.6728799000
0.6729408600
0.6730016800
0.6730619600
0.6731220800
0.6731816200
0.6732410400
0.6732998000
0.6733584600
0.6734165400
0.6734744400
0.6735318000
0.6735946500
0.6736570600
0.6737132800
0.6737693600
0.6738304167
0.6738911200
0.6739460400
0.6740058500
0.6740653000
0.6741243833
0.6741830400
0.6742411667
0.6742989000
0.6743563000
0.6744133000
0.6744697333
0.6745308833
0.6745864600
0.6746417500
0.6747015000
0.6747607833
0.6748195500
0.6748777833
0.6749355833
0.6749928833
0.6750496667
0.6751060000
0.6751618167
0.6752171667
0.6752766000
0.6753353833
0.6753892000
0.6754469143
0.6755041500
0.6755607714
0.6756168000
0.6756722429
0.6757314571
0.6757898714
0.6758436500
0.6758968429
0.6759534000
0.6760094857
0.6760687375
0.6761272571
0.6761812857
0.6762346000
0.6762910750
0.6763505000
0.6764054571
0.6764596500
0.6765167000
0.6765729250
0.6766283125
0.6766829000
0.6767399556
0.6767961750
0.6768482000
0.6769026000
0.6769591667
0.6770147556
0.6770692667
0.6771257600
0.6771811222
0.6772353100
0.6772911500
0.6773457600
0.6774017000
0.6774563400
0.6775095818
0.6775638909
0.6776190583
0.6776749083
0.6777289917
0.6777834231
0.6778379923
0.6778924857
0.6779466500
0.6780002267
0.6780546500
0.6781094000
0.6781638722
0.6782174053
0.6782718636
0.6783258609
0.6783796071
0.6784344147
0.6784894000
0.6785316134