-20.00	20.00	2001
-1.7316368107
-1.7315939246
-1.7315382094
-1.7314832836
-1.7314285882
-1.7313738075
-1.7313191237
-1.7312643889
-1.7312096250
-1.7311549810
-1.7311001523
-1.7310452727
-1.7309903188
-1.7309352424
-1.7308802992
-1.7308253089
-1.7307700083
-1.7307148087
-1.7306598036
-1.7306047156
-1.7305494766
-1.7304937905
-1.7304383762
-1.7303830000
-1.7303275361
-1.7302719792
-1.7302164301
-1.7301610000
-1.7301050879
-1.7300494432
-1.7299935909
-1.7299375349
-1.7298817619
-1.7298257976
-1.7297699877
-1.7297143086
-1.7296581250
-1.7296018734
-1.7295458701
-1.7294894103
-1.7294330133
-1.7293768800
-1.7293204865
-1.7292641096
-1.7292078194
-1.7291512639
-1.7290943803
-1.7290377143
-1.7289811594
-1.7289244493
-1.7288674706
-1.7288107612
-1.7287538806
-1.7286967879
-1.7286400769
-1.7285831538
-1.7285261563
-1.7284690000
-1.7284118254
-1.7283545397
-1.7282971935
-1.7282398065
-1.7281823443
-1.7281248852
-1.7280674000
-1.7280098667
-1.7279519000
-1.7278943793
-1.7278368983
-1.7277789138
-1.7277210000
-1.7276631404
-1.7276054211
-1.7275471754
-1.7274890000
-1.7274309107
-1.7273728727
-1.7273150545
-1.7272561786
-1.7271974444
-1.7271394444
-1.7270809630
-1.7270220741
-1.7269639615
-1.7269059245
-1.7268469057
-1.7267882692
-1.7267295769
-1.7266706346
-1.7266112885
-1.7265521176
-1.7264931569
-1.7264344200
-1.7263753333
-1.7263164490
-1.7262572353
-1.7261976735
-1.7261383000
-1.7260786327
-1.7260192245
-1.7259600625
-1.7259005918
-1.7258407708
-1.7257811667
-1.7257212500
-1.7256617660
-1.7256018125
-1.7255415745
-1.7254816809
-1.7254220652
-1.7253621064
-1.7253012128
-1.7252406087
-1.7251803913
-1.7251205111
-1.7250603913
-1.7249998667
-1.7249390870
-1.7248786364
-1.7248178913
-1.7247568636
-1.7246962222
-1.7246353182
-1.7245747273
-1.7245138864
-1.7244527045
-1.7243912955
-1.7243302791
-1.7242689773
-1.7242081190
-1.7241468864
-1.7240847674
-1.7240230000
-1.7239616905
-1.7239009048
-1.7238398095
-1.7237776512
-1.7237153095
-1.7236533095
-1.7235917561
-1.7235302619
-1.7234675000
-1.7234060000
-1.7233441667
-1.7232812439
-1.7232189512
-1.7231571500
-1.7230942143
-1.7230312250
-1.7229693500
-1.7229064634
-1.7228434000
-1.7227807250
-1.7227179000
-1.7226556410
-1.7225930250
-1.7225294750
-1.7224663590
-1.7224038462
-1.7223402250
-1.7222764615
-1.7222132051
-1.7221505000
-1.7220867000
-1.7220227368
-1.7219592564
-1.7218956579
-1.7218317179
-1.7217675263
-1.7217039211
-1.7216401842
-1.7215760263
-1.7215118421
-1.7214472895
-1.7213833784
-1.7213200811
-1.7212557105
-1.7211902632
-1.7211253514
-1.7210611081
-1.7209966216
-1.7209318919
-1.7208669730
-1.7208019730
-1.7207373611
-1.7206725676
-1.7206067568
-1.7205415000
-1.7204770278
-1.7204122500
-1.7203463514
-1.7202802500
-1.7202148333
-1.7201491389
-1.7200832778
-1.7200180857
-1.7199526667
-1.7198860833
-1.7198202000
-1.7197541389
-1.7196876857
-1.7196212222
-1.7195555000
-1.7194893333
-1.7194221714
-1.7193557143
-1.7192890000
-1.7192220571
-1.7191558824
-1.7190894571
-1.7190218857
-1.7189550882
-1.7188889412
-1.7188216857
-1.7187532286
-1.7186855000
-1.7186185882
-1.7185514412
-1.7184840294
-1.7184165000
-1.7183485000
-1.7182805000
-1.7182125000
-1.7181448485
-1.7180773235
-1.7180094545
-1.7179413235
-1.7178720294
-1.7178034848
-1.7177358485
-1.7176667941
-1.7175987500
-1.7175304706
-1.7174618438
-1.7173931471
-1.7173231212
-1.7172539697
-1.7171856563
-1.7171170303
-1.7170472727
-1.7169772424
-1.7169080937
-1.7168386970
-1.7167691875
-1.7167004375
-1.7166305152
-1.7165592121
-1.7164887500
-1.7164191875
-1.7163494688
-1.7162795625
-1.7162093125
-1.7161389688
-1.7160684063
-1.7159976250
-1.7159265938
-1.7158553437
-1.7157851935
-1.7157156452
-1.7156449062
-1.7155728125
-1.7155018710
-1.7154306250
-1.7153590000
-1.7152873125
-1.7152153548
-1.7151443226
-1.7150730968
-1.7150017419
-1.7149290000
-1.7148572000
-1.7147851563
-1.7147128667
-1.7146404375
-1.7145677667
-1.7144961290
-1.7144231290
-1.7143510000
-1.7142786774
-1.7142050000
-1.7141324000
-1.7140594194
-1.7139851935
-1.7139118667
-1.7138395667
-1.7137670333
-1.7136931613
-1.7136189333
-1.7135458333
-1.7134713871
-1.7133966000
-1.7133228667
-1.7132489333
-1.7131748667
-1.7131005000
-1.7130260000
-1.7129510333
-1.7128761000
-1.7128022414
-1.7127283333
-1.7126526333
-1.7125781379
-1.7125034667
-1.7124272667
-1.7123521379
-1.7122768333
-1.7122012414
-1.7121255333
-1.7120495517
-1.7119748276
-1.7118983000
-1.7118217931
-1.7117463103
-1.7116693333
-1.7115922414
-1.7115162069
-1.7114397241
-1.7113633448
-1.7112865517
-1.7112097241
-1.7111325517
-1.7110552414
-1.7109790714
-1.7109026552
-1.7108247241
-1.7107466207
-1.7106682759
-1.7105910357
-1.7105135862
-1.7104346552
-1.7103567857
-1.7102786207
-1.7101992069
-1.7101205714
-1.7100433929
-1.7099645172
-1.7098854286
-1.7098075357
-1.7097280345
-1.7096483571
-1.7095698571
-1.7094911429
-1.7094121429
-1.7093330714
-1.7092523103
-1.7091713214
-1.7090915714
-1.7090116071
-1.7089313929
-1.7088508929
-1.7087703571
-1.7086895357
-1.7086100000
-1.7085301429
-1.7084487500
-1.7083670714
-1.7082851429
-1.7082030714
-1.7081221852
-1.7080411786
-1.7079599259
-1.7078784286
-1.7077950714
-1.7077134444
-1.7076325185
-1.7075500000
-1.7074660000
-1.7073834815
-1.7073021111
-1.7072188929
-1.7071354074
-1.7070532963
-1.7069694286
-1.7068852963
-1.7068026296
-1.7067195926
-1.7066364444
-1.7065515357
-1.7064679231
-1.7063840357
-1.7062999231
-1.7062156071
-1.7061295926
-1.7060448889
-1.7059615000
-1.7058763214
-1.7057909615
-1.7057053571
-1.7056195000
-1.7055350000
-1.7054488148
-1.7053638846
-1.7052787407
-1.7051918148
-1.7051062308
-1.7050204074
-1.7049328889
-1.7048466154
-1.7047601481
-1.7046718148
-1.7045849231
-1.7044977407
-1.7044104231
-1.7043228519
-1.7042349615
-1.7041485769
-1.7040602963
-1.7039718462
-1.7038847308
-1.7037958519
-1.7037065000
-1.7036187308
-1.7035309231
-1.7034410000
-1.7033508462
-1.7032621538
-1.7031733077
-1.7030841154
-1.7029930741
-1.7029016538
-1.7028118846
-1.7027218462
-1.7026314231
-1.7025410000
-1.7024500000
-1.7023607200
-1.7022697407
-1.7021780000
-1.7020881538
-1.7019961923
-1.7019040000
-1.7018115000
-1.7017206400
-1.7016294231
-1.7015362308
-1.7014428077
-1.7013508800
-1.7012588077
-1.7011646154
-1.7010720400
-1.7009791538
-1.7008842308
-1.7007908800
-1.7006973077
-1.7006034800
-1.7005093846
-1.7004150000
-1.7003222800
-1.7002273846
-1.7001304615
-1.7000351600
-1.6999413600
-1.6998455000
-1.6997495200
-1.6996550400
-1.6995583846
-1.6994614400
-1.6993663200
-1.6992688846
-1.6991731667
-1.6990771154
-1.6989789200
-1.6988824400
-1.6987837308
-1.6986866667
-1.6985894231
-1.6984918750
-1.6983940385
-1.6982939200
-1.6981957600
-1.6980970400
-1.6979982000
-1.6978990400
-1.6977995200
-1.6976999200
-1.6976000400
-1.6974996800
-1.6973994000
-1.6973005000
-1.6971994615
-1.6970982083
-1.6969986000
-1.6968968000
-1.6967966250
-1.6966942692
-1.6965915000
-1.6964905200
-1.6963874000
-1.6962858333
-1.6961840400
-1.6960799200
-1.6959776250
-1.6958750000
-1.6957700400
-1.6956668750
-1.6955634800
-1.6954575600
-1.6953535000
-1.6952513750
-1.6951466800
-1.6950397200
-1.6949344583
-1.6948311667
-1.6947253600
-1.6946170800
-1.6945107083
-1.6944062917
-1.6943014167
-1.6941941200
-1.6940865417
-1.6939787200
-1.6938705417
-1.6937643750
-1.6936576667
-1.6935486000
-1.6934392500
-1.6933292800
-1.6932192083
-1.6931110417
-1.6930030000
-1.6928940833
-1.6927851667
-1.6926757500
-1.6925638000
-1.6924516250
-1.6923413333
-1.6922307500
-1.6921197500
-1.6920085000
-1.6918969583
-1.6917850417
-1.6916728750
-1.6915602917
-1.6914474583
-1.6913342917
-1.6912206667
-1.6911067500
-1.6909926667
-1.6908782083
-1.6907632917
-1.6906480833
-1.6905326250
-1.6904167083
-1.6903028696
-1.6901886250
-1.6900716250
-1.6899545833
-1.6898368750
-1.6897190000
-1.6896005417
-1.6894843478
-1.6893677917
-1.6892509565
-1.6891335417
-1.6890135000
-1.6888930000
-1.6887722083
-1.6886534783
-1.6885344167
-1.6884151304
-1.6882952917
-1.6881725417
-1.6880494167
-1.6879285652
-1.6878100000
-1.6876882917
-1.6875636667
-1.6874412609
-1.6873185000
-1.6871951739
-1.6870717500
-1.6869480435
-1.6868263043
-1.6867017083
-1.6865739167
-1.6864483913
-1.6863252174
-1.6861989167
-1.6860695833
-1.6859452727
-1.6858204583
-1.6856926087
-1.6855642917
-1.6854357391
-1.6853065000
-1.6851770000
-1.6850497826
-1.6849221304
-1.6847914167
-1.6846602174
-1.6845313478
-1.6844020870
-1.6842696667
-1.6841366957
-1.6840061739
-1.6838723750
-1.6837410000
-1.6836092083
-1.6834739130
-1.6833413478
-1.6832052917
-1.6830716818
-1.6829377500
-1.6828002609
-1.6826653478
-1.6825299130
-1.6823941739
-1.6822577826
-1.6821211304
-1.6819837826
-1.6818460435
-1.6817078696
-1.6815693913
-1.6814271667
-1.6812876364
-1.6811504348
-1.6810100870
-1.6808688696
-1.6807274348
-1.6805852609
-1.6804428696
-1.6802996957
-1.6801563913
-1.6800120870
-1.6798677391
-1.6797257727
-1.6795801250
-1.6794340000
-1.6792873750
-1.6791401818
-1.6789956957
-1.6788476087
-1.6787020000
-1.6785560435
-1.6784061739
-1.6782557391
-1.6781048696
-1.6779565909
-1.6778046250
-1.6776520000
-1.6775020870
-1.6773484348
-1.6771974091
-1.6770455652
-1.6768904348
-1.6767378182
-1.6765843913
-1.6764273478
-1.6762728636
-1.6761177391
-1.6759589130
-1.6758026364
-1.6756456522
-1.6754850000
-1.6753269545
-1.6751683043
-1.6750056957
-1.6748457727
-1.6746851304
-1.6745205652
-1.6743588182
-1.6742000000
-1.6740369130
-1.6738696522
-1.6737051818
-1.6735439545
-1.6733782174
-1.6732082609
-1.6730412727
-1.6728771818
-1.6727089565
-1.6725360435
-1.6723662727
-1.6721995909
-1.6720283478
-1.6718528261
-1.6716800909
-1.6715107273
-1.6713405000
-1.6711656522
-1.6709863913
-1.6708099545
-1.6706369091
-1.6704630455
-1.6702843478
-1.6701052727
-1.6699251739
-1.6697442273
-1.6695665909
-1.6693881818
-1.6692049565
-1.6690207273
-1.6688362174
-1.6686503636
-1.6684678182
-1.6682845909
-1.6680963478
-1.6679074091
-1.6677214545
-1.6675309130
-1.6673390909
-1.6671507727
-1.6669616364
-1.6667715909
-1.6665806818
-1.6663843913
-1.6661875000
-1.6659937727
-1.6657950000
-1.6655950000
-1.6653985909
-1.6652010000
-1.6650029091
-1.6648036364
-1.6646033636
-1.6644022727
-1.6641953043
-1.6639923810
-1.6637879130
-1.6635783636
-1.6633718636
-1.6631648636
-1.6629561818
-1.6627423043
-1.6625270000
-1.6623154091
-1.6621028636
-1.6618890000
-1.6616741818
-1.6614582273
-1.6612411364
-1.6610229091
-1.6608035000
-1.6605829091
-1.6603611818
-1.6601383182
-1.6599140909
-1.6596886364
-1.6594621818
-1.6592344091
-1.6590052273
-1.6587750000
-1.6585431818
-1.6583103182
-1.6580760000
-1.6578403182
-1.6576033636
-1.6573650000
-1.6571306667
-1.6568900870
-1.6566471429
-1.6564091818
-1.6561635455
-1.6559170000
-1.6556685909
-1.6554247619
-1.6551731739
-1.6549208571
-1.6546721818
-1.6544163636
-1.6541588636
-1.6538998182
-1.6536392273
-1.6533768636
-1.6531128182
-1.6528530476
-1.6525921818
-1.6523226818
-1.6520522727
-1.6517792727
-1.6515115238
-1.6512414545
-1.6509635000
-1.6506835000
-1.6504017727
-1.6501180455
-1.6498386667
-1.6495580909
-1.6492679545
-1.6489834286
-1.6486963182
-1.6484005000
-1.6481027273
-1.6478092857
-1.6475145455
-1.6472097727
-1.6469106667
-1.6466086364
-1.6462975455
-1.6459841364
-1.6456752857
-1.6453650000
-1.6450437273
-1.6447285714
-1.6444100455
-1.6440819545
-1.6437512273
-1.6434250952
-1.6430973182
-1.6427657619
-1.6424321364
-1.6420879091
-1.6417406364
-1.6413986667
-1.6410531364
-1.6407060952
-1.6403548182
-1.6399925000
-1.6396272273
-1.6392666667
-1.6389127143
-1.6385456818
-1.6381673636
-1.6377853636
-1.6374081905
-1.6370377143
-1.6366536364
-1.6362572727
-1.6358570909
-1.6354619048
-1.6350734286
-1.6346705455
-1.6342545455
-1.6338444286
-1.6334287727
-1.6330110952
-1.6325872727
-1.6321589524
-1.6317283182
-1.6312906190
-1.6308496364
-1.6303930000
-1.6299413333
-1.6294970000
-1.6290351818
-1.6285579091
-1.6280865238
-1.6276079545
-1.6271268095
-1.6266373636
-1.6261422857
-1.6256549524
-1.6251476364
-1.6246228636
-1.6241038571
-1.6235892381
-1.6230570455
-1.6225046818
-1.6219567619
-1.6214170476
-1.6208545000
-1.6202839048
-1.6197086364
-1.6191210476
-1.6185272727
-1.6179249048
-1.6173107727
-1.6166924286
-1.6160606364
-1.6154190000
-1.6147861905
-1.6141240909
-1.6134514762
-1.6127874286
-1.6120922727
-1.6113700909
-1.6106527619
-1.6099370476
-1.6091939545
-1.6084376190
-1.6076818571
-1.6068968636
-1.6060769091
-1.6052575238
-1.6044469524
-1.6035942727
-1.6027237143
-1.6018617143
-1.6009533182
-1.6000247143
-1.5991042857
-1.5981327727
-1.5971378571
-1.5961508095
-1.5951067273
-1.5940355714
-1.5929718095
-1.5918436364
-1.5906839048
-1.5895306190
-1.5883039545
-1.5870401429
-1.5857816667
-1.5844382273
-1.5830505238
-1.5816660000
-1.5801822727
-1.5786445238
-1.5771071905
-1.5754516818
-1.5737290000
-1.5720025238
-1.5701327727
-1.5681771429
-1.5662117143
-1.5640670909
-1.5618107619
-1.5595341905
-1.5570270455
-1.5543681905
-1.5516736190
-1.5486697273
-1.5454508571
-1.5421700000
-1.5384520455
-1.5344114286
-1.5302643333
-1.5254573636
-1.5201288571
-1.5146181429
-1.5080245909
-1.5005209048
-1.4927380000
-1.4830766364
-1.4719091429
-1.4607189524
-1.4476191429
-1.4320130952
-1.4165265455
-1.4002847619
-1.3813167143
-1.3636295909
-1.3455590952
-1.3249267143
-1.3057915238
-1.2883612381
-1.2676048182
-1.2467804286
-1.2291149048
-1.2082161818
-1.1873168571
-1.1695585714
-1.1486411364
-1.1277393810
-1.1099241905
-1.0903288571
-1.0690687619
-1.0498780909
-1.0306651429
-1.0094441619
-0.9902282864
-0.9706537350
-0.9510782455
-0.9302316143
-0.9122609857
-0.8914131091
-0.8705849571
-0.8525691286
-0.8317398545
-0.8109301952
-0.7928696524
-0.7732577238
-0.7522082857
-0.7328891273
-0.7135490476
-0.6925390762
-0.6729504333
-0.6547885143
-0.6340209455
-0.6132725952
-0.5950678190
-0.5743188318
-0.5535888238
-0.5353414048
-0.5157201857
-0.4948337810
-0.4754092364
-0.4559653286
-0.4351085476
-0.4155001952
-0.3971602190
-0.3764600000
-0.3557722857
-0.3374085619
-0.3167217545
-0.2960446238
-0.2776619810
-0.2580412333
-0.2372620905
-0.2177838182
-0.1981832450
-0.1785826955
-0.1579205810
-0.1395096429
-0.1188476636
-0.0981888143
-0.0797715029
-0.0591127168
-0.0395121735
-0.0199116473
0.0002945726
0.0134174663
0.0378432942
0.0562354069
0.0765855726
0.0967214985
0.1159384488
0.1363049111
0.1564421593
0.1756538577
0.1950776077
0.2154181222
0.2355524370
0.2547813538
0.2751486500
0.2945224741
0.3137124846
0.3340908333
0.3542207185
0.3733974346
0.3937836481
0.4139111667
0.4330716923
0.4524789000
0.4728505074
0.4929715037
0.5121692800
0.5317699889
0.5518788111
0.5709783577
0.5913976222
0.6115039185
0.6305817192
0.6510183185
0.6711223815
0.6901782231
0.7095603346
0.7299916148
0.7500924704
0.7691470538
0.7897194346
0.8089627222
0.8279664577
0.8484608259
0.8685564185
0.8875370731
0.9080488926
0.9281415333
0.9470988423
0.9664690731
0.9869755333
1.0070639519
1.0260180769
1.0465416667
1.0666263333
1.0857299600
1.1053645926
1.1254437037
1.1443175385
1.1648960741
1.1849610000
1.2037955385
1.2243616296
1.2443751481
1.2631179231
1.2835720370
1.3021544231
1.3223325926
1.3406243077
1.3602712963
1.3789652222
1.3960799231
1.4138737037
1.4302816667
1.4448782800
1.4585337407
1.4711071852
1.4818166154
1.4916567407
1.5001742222
1.5074251154
1.5140610370
1.5199704074
1.5251373846
1.5299382222
1.5343318519
1.5382602692
1.5419575926
1.5454083333
1.5485439615
1.5515240741
1.5543448889
1.5569388846
1.5594224815
1.5617979630
1.5640021538
1.5661244815
1.5681707407
1.5700828846
1.5719321852
1.5737264815
1.5754122692
1.5770488519
1.5786444074
1.5801503077
1.5816165926
1.5830520370
1.5844117692
1.5857390370
1.5870427037
1.5882817308
1.5894933333
1.5906872222
1.5918245385
1.5929388889
1.5940393333
1.5950901923
1.5961212963
1.5971419630
1.5981183462
1.5990777037
1.6000289259
1.6009405769
1.6018374815
1.6027281111
1.6035828846
1.6044248148
1.6052620741
1.6060666923
1.6068735000
1.6076781481
1.6084387308
1.6091868148
1.6099336667
1.6106541923
1.6113777143
1.6120843846
1.6127706296
1.6134558889
1.6141169615
1.6147704444
1.6154234074
1.6160540000
1.6166777037
1.6173119643
1.6179272692
1.6185224815
1.6191190370
1.6197082963
1.6202880000
1.6208490385
1.6214043704
1.6219608519
1.6224996538
1.6230428571
1.6235878148
1.6241065000
1.6246191852
1.6251340741
1.6256437778
1.6261461852
1.6266331154
1.6271162222
1.6276093214
1.6280893077
1.6285637500
1.6290313462
1.6294870741
1.6299450000
1.6303893077
1.6308383571
1.6312897037
1.6317290370
1.6321627407
1.6325840385
1.6330022222
1.6334301071
1.6338471538
1.6342599286
1.6346675000
1.6350651481
1.6354653704
1.6358615926
1.6362550370
1.6366438889
1.6370300000
1.6374115185
1.6377896667
1.6381652222
1.6385364444
1.6389052222
1.6392699259
1.6396314815
1.6399973214
1.6403523462
1.6406991111
1.6410544286
1.6414013462
1.6417452857
1.6420856154
1.6424241071
1.6427653333
1.6430984444
1.6434281111
1.6437552222
1.6440802593
1.6444022222
1.6447223333
1.6450450000
1.6453660741
1.6456781111
1.6459822692
1.6462903929
1.6466012222
1.6469048519
1.6472109286
1.6475157037
1.6478120741
1.6481010000
1.6483937500
1.6486892222
1.6489778889
1.6492691071
1.6495592222
1.6498412593
1.6501216296
1.6504056071
1.6506818846
1.6509571786
1.6512348519
1.6515065185
1.6517804286
1.6520533704
1.6523238571
1.6525932963
1.6528555185
1.6531162593
1.6533805000
1.6536377692
1.6538939643
1.6541528148
1.6544105357
1.6546662222
1.6549162222
1.6551686071
1.6554202222
1.6556696429
1.6559180370
1.6561645714
1.6564103333
1.6566494815
1.6568919643
1.6571330370
1.6573681481
1.6576067143
1.6578435556
1.6580792500
1.6583133704
1.6585464643
1.6587781111
1.6590084643
1.6592373704
1.6594653571
1.6596917778
1.6599173214
1.6601412593
1.6603643214
1.6605859259
1.6608066786
1.6610258889
1.6612441786
1.6614611852
1.6616772857
1.6618919259
1.6621058929
1.6623182593
1.6625300357
1.6627441786
1.6629572857
1.6631659259
1.6633728571
1.6635793333
1.6637842857
1.6639888519
1.6641916786
1.6643978929
1.6645988148
1.6648029310
1.6650056296
1.6652038571
1.6654012963
1.6655978214
1.6657967500
1.6659947143
1.6661885926
1.6663810714
1.6665765357
1.6667672222
1.6669609655
1.6671534074
1.6673418214
1.6675326786
1.6677223929
1.6679084444
1.6680930000
1.6682840000
1.6684703333
1.6686530000
1.6688379286
1.6690216071
1.6692051429
1.6693841111
1.6695659655
1.6697467407
1.6699267241
1.6701061852
1.6702812857
1.6704593214
1.6706362143
1.6708124643
1.6709880000
1.6711626071
1.6713366786
1.6715099286
1.6716825714
1.6718544286
1.6720253929
1.6721990345
1.6723686296
1.6725375517
1.6727091786
1.6728734074
1.6730407586
1.6732098571
1.6733753214
1.6735433793
1.6737075185
1.6738711724
1.6740371071
1.6741993929
1.6743610714
1.6745220357
1.6746823929
1.6748452069
1.6750071429
1.6751656071
1.6753264483
1.6754865714
1.6756430714
1.6758021379
1.6759603214
1.6761151071
1.6762723448
1.6764288214
1.6765817857
1.6767372759
1.6768919286
1.6770430000
1.6771969655
1.6773498571
1.6774995357
1.6776515172
1.6778054138
1.6779560357
1.6781061724
1.6782560000
1.6784049655
1.6785533929
1.6787015517
1.6788490357
1.6789932143
1.6791398276
1.6792881724
1.6794334643
1.6795783448
1.6797253448
1.6798690714
1.6800097500
1.6801551000
1.6803025172
1.6804441786
1.6805828571
1.6807263333
1.6808691429
1.6810088621
1.6811481071
1.6812871724
1.6814278966
1.6815682414
1.6817056071
1.6818450000
1.6819864483
1.6821224286
1.6822555714
1.6823930667
1.6825325172
1.6826667143
1.6828004138
1.6829361379
1.6830713448
1.6832083333
1.6833426429
1.6834741034
1.6836075517
1.6837406207
1.6838731034
1.6840051724
1.6841368276
1.6842680345
1.6844011000
1.6845338276
1.6846614643
1.6847910000
1.6849200357
1.6850488333
1.6851794138
1.6853072069
1.6854347241
1.6855638667
1.6856905714
1.6858168000
1.6859448966
1.6860724333
1.6861996897
1.6863242759
1.6864485172
1.6865723793
1.6866981667
1.6868253667
1.6869503793
1.6870724138
1.6871942069
1.6873181000
1.6874414138
1.6875622414
1.6876848333
1.6878090333
1.6879308621
1.6880522000
1.6881752333
1.6882959310
1.6884142069
1.6885340667
1.6886536897
1.6887728667
1.6888915517
1.6890102667
1.6891303333
1.6892500333
1.6893694667
1.6894865517
1.6896031333
1.6897215667
1.6898394667
1.6899552069
1.6900703000
1.6901873000
1.6903020000
1.6904163333
1.6905322333
1.6906477333
1.6907629667
1.6908778667
1.6909923667
1.6911065000
1.6912204000
1.6913339333
1.6914471333
1.6915600000
1.6916725333
1.6917847667
1.6918966000
1.6920082000
1.6921194667
1.6922304000
1.6923410333
1.6924513333
1.6925630968
1.6926745000
1.6927839667
1.6928946774
1.6930054000
1.6931134000
1.6932214333
1.6933311613
1.6934407333
1.6935478667
1.6936546667
1.6937614000
1.6938693548
1.6939788710
1.6940862667
1.6941934194
1.6943002667
1.6944068065
1.6945130333
1.6946189032
1.6947247000
1.6948282667
1.6949333548
1.6950398065
1.6951459677
1.6952518710
1.6953559000
1.6954593548
1.6955627000
1.6956657742
1.6957701290
1.6958743871
1.6959781935
1.6960817097
1.6961834000
1.6962847419
1.6963875161
1.6964898387
1.6965920000
1.6966939677
1.6967956129
1.6968969355
1.6969979355
1.6970987419
1.6971992258
1.6972994516
1.6973994194
1.6975007500
1.6976017742
1.6976993667
1.6977981250
1.6978999688
1.6979998387
1.6980964000
1.6981942813
1.6982948750
1.6983937742
1.6984908710
1.6985891563
1.6986871935
1.6987834194
1.6988810938
1.6989798125
1.6990768387
1.6991720968
1.6992686563
1.6993663438
1.6994623871
1.6995581250
1.6996550937
1.6997504516
1.6998453125
1.6999414375
1.7000360645
1.7001317879
1.7002270645
1.7003209688
1.7004158750
1.7005091290
1.7006021562
1.7006977273
1.7007917742
1.7008854545
1.7009788710
1.7010707500
1.7011650909
1.7012593437
1.7013517813
1.7014440000
1.7015360000
1.7016276875
1.7017193438
1.7018119091
1.7019045000
1.7019966061
1.7020886563
1.7021789062
1.7022690625
1.7023603939
1.7024514063
1.7025421515
1.7026326250
1.7027229697
1.7028130625
1.7029028485
1.7029938485
1.7030845455
1.7031737813
1.7032625758
1.7033513437
1.7034396970
1.7035263226
1.7036170000
1.7037065000
1.7037975769
1.7038846538
1.7039719615
1.7040585769
1.7041485714
1.7042366400
1.7043227778
1.7044104615
1.7044960385
1.7045849286
1.7046736538
1.7047583462
1.7048466786
1.7049345769
1.7050187308
1.7051061071
1.7051936154
1.7052770769
1.7053638571
1.7054503846
1.7055333846
1.7056195000
1.7057070000
1.7057909231
1.7058747037
1.7059615000
1.7060465385
1.7061295185
1.7062140741
1.7062998929
1.7063840769
1.7064663333
1.7065498889
1.7066349643
1.7067211786
1.7068042308
1.7068853704
1.7069678519
1.7070517500
1.7071369286
1.7072204815
1.7073020741
1.7073834815
1.7074644444
1.7075470000
1.7076310000
1.7077149643
1.7077980714
1.7078799259
1.7079599259
1.7080411786
1.7081221852
1.7082030714
1.7082836667
1.7083641429
1.7084458214
1.7085272500
1.7086085357
1.7086895357
1.7087703929
1.7088508929
1.7089313929
1.7090116071
1.7090915357
1.7091712857
1.7092509643
1.7093302143
1.7094093214
1.7094882857
1.7095670714
1.7096470000
1.7097280345
1.7098075357
1.7098855000
1.7099645517
1.7100446897
1.7101233214
1.7102005714
1.7102772500
1.7103554483
1.7104346552
1.7105136207
1.7105923448
1.7106695714
1.7107452857
1.7108234667
1.7109026552
1.7109803793
1.7110566071
1.7111326207
1.7112097241
1.7112878667
1.7113646786
1.7114398276
1.7115162069
1.7115934667
1.7116692857
1.7117450667
1.7118230333
1.7118983571
1.7119735000
1.7120508333
1.7121255000
1.7122000000
1.7122767333
1.7123522069
1.7124284839
1.7125034643
1.7125769333
1.7126526333
1.7127283000
1.7128035667
1.7128775517
1.7129524194
1.7130272759
1.7131017097
1.7131761379
1.7132501290
1.7133241379
1.7133977742
1.7134726333
1.7135457667
1.7136190000
1.7136918667
1.7137658710
1.7138396000
1.7139130323
1.7139864333
1.7140582000
1.7141323438
1.7142063333
1.7142775667
1.7143510000
1.7144243333
1.7144948667
1.7145678125
1.7146416774
1.7147129333
1.7147839355
1.7148571875
1.7149301935
1.7150017419
1.7150719333
1.7151431875
1.7152165000
1.7152884516
1.7153590323
1.7154306250
1.7155018710
1.7155716129
1.7156425938
1.7157145000
1.7157863125
1.7158575625
1.7159288125
1.7159998750
1.7160706250
1.7161411250
1.7162115313
1.7162816875
1.7163516562
1.7164214063
1.7164909062
1.7165602812
1.7166294375
1.7166982813
1.7167681212
1.7168387273
1.7169080625
1.7169782647
1.7170483438
1.7171160000
1.7171846061
1.7172539697
1.7173241176
1.7173931250
1.7174608788
1.7175304706
1.7175997879
1.7176668750
1.7177347941
1.7178044412
1.7178720625
1.7179403429
1.7180094242
1.7180773235
1.7181459118
1.7182133939
1.7182816857
1.7183487500
1.7184165000
1.7184840312
1.7185513889
1.7186195758
1.7186864571
1.7187542941
1.7188205882
1.7188880000
1.7189551176
1.7190218571
1.7190894857
1.7191559118
1.7192220000
1.7192899722
1.7193567059
1.7194222000
1.7194884000
1.7195554722
1.7196222000
1.7196877143
1.7197541389
1.7198202000
1.7198851143
1.7199508056
1.7200171389
1.7200833333
1.7201491389
1.7202148333
1.7202803333
1.7203454444
1.7204104722
1.7204752222
1.7205406757
1.7206067568
1.7206725946
1.7207382703
1.7208026944
1.7208661944
1.7209312895
1.7209976842
1.7210619722
1.7211253784
1.7211902368
1.7212548378
1.7213192368
1.7213841842
1.7214481351
1.7215126410
1.7215760278
1.7216401500
1.7217047838
1.7217683333
1.7218326316
1.7218955789
1.7219593077
1.7220227105
1.7220858462
1.7221505000
1.7222139211
1.7222764359
1.7223393846
1.7224030250
1.7224671750
1.7225302564
1.7225930500
1.7226556154
1.7227179000
1.7227807500
1.7228433750
1.7229064634
1.7229700976
1.7230327750
1.7230942000
1.7231556500
1.7232182143
1.7232819762
1.7233441750
1.7234052683
1.7234682326
1.7235303500
1.7235910476
1.7236533095
1.7237153333
1.7237768810
1.7238391395
1.7239001463
1.7239617045
1.7240238095
1.7240847674
1.7241461860
1.7242080682
1.7242696744
1.7243302791
1.7243913409
1.7244527045
1.7245138636
1.7245747273
1.7246353182
1.7246962000
1.7247575111
1.7248178864
1.7248779778
1.7249391087
1.7249998222
1.7250603913
1.7251211739
1.7251810667
1.7252412979
1.7253018043
1.7253614130
1.7254220208
1.7254823043
1.7255415745
1.7256011702
1.7256610208
1.7257212500
1.7257811667
1.7258407917
1.7258999583
1.7259594694
1.7260192449
1.7260792400
1.7261383125
1.7261970800
1.7262566400
1.7263159000
1.7263747200
1.7264344808
1.7264937800
1.7265521373
1.7266106667
1.7266695000
1.7267284808
1.7267871346
1.7268463704
1.7269059434
1.7269644528
1.7270226792
1.7270814727
1.7271399623
1.7271979636
1.7272567455
1.7273150545
1.7273728727
1.7274303636
1.7274884737
1.7275471404
1.7276054035
1.7276631930
1.7277210172
1.7277789310
1.7278368983
1.7278943621
1.7279513729
1.7280089167
1.7280664333
1.7281244355
1.7281828065
1.7282398000
1.7282967143
1.7283545397
1.7284113710
1.7284681094
1.7285252656
1.7285826667
1.7286404394
1.7286972000
1.7287538657
1.7288111912
1.7288683088
1.7289248382
1.7289812029
1.7290380845
1.7290948000
1.7291508592
1.7292074110
1.7292645000
1.7293205000
1.7293765000
1.7294333684
1.7294894474
1.7295454872
1.7296015128
1.7296574250
1.7297139756
1.7297703171
1.7298265000
1.7298824405
1.7299378824
1.7299933103
1.7300491011
1.7301050989
1.7301610000
1.7302164516
1.7302716526
1.7303272551
1.7303830000
1.7304386667
1.7304940673
1.7305492453
1.7306045545
1.7306598304
1.7307150431
1.7307704833
1.7308255164
1.7308803228
1.7309352500
1.7309903478
1.7310452657
1.7310999600
1.7311549750
1.7312099643
1.7312646944
1.7313192746
1.7313739202
1.7314285756
1.7314833877
1.7315382107
1.7315938147
1.7316367783